============================[ Problem Statistics ]=============================
|                                                                             |
|  Number of variables:           511                                         |
|  Number of clauses:            2039                                         |
|  Parse time:                   0.00 s                                       |
|  Eliminated clauses:           0.01 Mb                                      |
|  Simplification time:          0.00 s                                       |
|                                                                             |
============================[ Search Statistics ]==============================
| Conflicts |          ORIGINAL         |          LEARNT          | Progress |
|           |    Vars  Clauses Literals |    Limit  Clauses Lit/Cl |          |
===============================================================================
|       100 |     427     2005     6320 |      735      100     31 |  0.000 % |
|       250 |     427     2005     6320 |      808      250     32 |  0.000 % |
|       475 |     427     2005     6320 |      889      475     32 |  0.000 % |
|       812 |     427     2005     6320 |      978      812     30 |  0.000 % |
|      1318 |     427     2005     6320 |     1076      792     27 |  0.000 % |
|      2077 |     427     2005     6320 |     1183     1013     28 |  0.000 % |
|      3216 |     427     2005     6320 |     1302      892     25 |  0.001 % |
|      4924 |     427     2005     6320 |     1432     1241     24 |  0.000 % |
|      7486 |     427     2005     6320 |     1575      812     20 |  0.000 % |
|     11330 |     427     2005     6320 |     1733     1366     26 |  0.000 % |
|     17096 |     427     2005     6320 |     1906      897     20 |  0.000 % |
|     25745 |     427     2005     6320 |     2097     1678     24 |  0.000 % |
|     38719 |     427     2005     6320 |     2307     1650     24 |  0.000 % |
|     58180 |     427     2005     6320 |     2537     2144     24 |  0.000 % |
|     87372 |     427     2005     6320 |     2791     1399     22 |  0.000 % |
|    131161 |     427     2005     6320 |     3070     2329     23 |  0.000 % |
|    196845 |     427     2005     6320 |     3378     2310     23 |  0.000 % |
|    295371 |     427     2005     6320 |     3715     3090     24 |  0.000 % |
|    443160 |     427     2005     6320 |     4087     3656     25 |  0.000 % |
|    664843 |     427     2005     6320 |     4496     3498     24 |  0.001 % |
|    997368 |     427     2005     6320 |     4945     3443     22 |  0.000 % |
|   1496156 |     427     2005     6320 |     5440     4577     26 |  0.000 % |
|   2244338 |     427     2005     6320 |     5984     4538     22 |  0.000 % |
|   3366612 |     427     2005     6320 |     6582     3129     23 |  0.000 % |
|   5050023 |     427     2005     6320 |     7241     3927     23 |  0.000 % |
|   7575139 |     427     2005     6320 |     7965     3919     22 |  0.000 % |
|  11362814 |     427     2005     6320 |     8761     5058     21 |  0.000 % |
|  17044326 |     427     2005     6320 |     9638     7130     25 |  0.000 % |
|  25566595 |     427     2005     6320 |    10601     5255     24 |  0.000 % |
|  38349998 |     427     2005     6320 |    11662     9524     23 |  0.000 % |
===============================================================================
restarts              : 59515
conflicts             : 42579409       (32253 /sec)
decisions             : 46109306       (0.00 % random) (34926 /sec)
propagations          : 4132859697     (3130523 /sec)
conflict literals     : 1149932576     (29.25 % deleted)
Memory used           : 77.77 MB
CPU time              : 1320.18 s

SATISFIABLE